Cod: 1
DESC: PROD UM
ESTOQUE: 10
ESTOQUE_MIN: 5
PRCUSTO: 10.000000
PRVENDA: 10.000000
Cod: 2
DESC: PROD DOIS
ESTOQUE: 20
ESTOQUE_MIN: 10
PRCUSTO: 20.000000
PRVENDA: 20.000000
Cod: 3
DESC: PROD TRES
ESTOQUE: 30
ESTOQUE_MIN: 15
PRCUSTO: 30.000000
PRVENDA: 30.000000
