Cod: 1
DESC: ALT 1
ESTOQUE: 99
ESTOQUE_MIN: 99
PRCUSTO: 99.000000
PRVENDA: 99.000000
Cod: 3
DESC: DESC 3 PROD
ESTOQUE: 30
ESTOQUE_MIN: 15
PRCUSTO: 30.000000
PRVENDA: 15.000000
