Cod: 1
DESC: fff
ESTOQUE: 10
ESTOQUE_MIN: 20
PRCUSTO: 30.000000
PRVENDA: 40.000000
Cod: 2
DESC: ggg
ESTOQUE: 10
ESTOQUE_MIN: 20
PRCUSTO: 30.000000
PRVENDA: 40.000000
Cod: 3
DESC: hhh
ESTOQUE: 10
ESTOQUE_MIN: 20
PRCUSTO: 30.000000
PRVENDA: 40.000000
