Cod: 1
DESC: PROD UM
ESTOQUE: 104
ESTOQUE_MIN: 5
PRCUSTO: 10.000000
PRVENDA: 25.300001
Cod: 2
DESC: PROD DOIS
ESTOQUE: 104
ESTOQUE_MIN: 10
PRCUSTO: 20.000000
PRVENDA: 36.299999
Cod: 3
DESC: PROD TRES
ESTOQUE: 106
ESTOQUE_MIN: 15
PRCUSTO: 30.000000
PRVENDA: 53.428570
